0.000000365
0.000000278
0.001462113
0.000000250
0.000000327
0.000000216
0.000000259
0.000000220
0.000000498
0.015821758
0.000000493
0.000000199
0.054818996
0.000000322
0.000000241
0.160761962
0.000000365
0.000000337
0.000000291
0.000000385
0.022517953
0.045148967
0.000000332
0.000000475
0.000000337
0.000000359
0.000000178
0.043388652
0.058923033
0.000000275
0.138801632
0.000000147
0.000000112
0.000000490
0.000000364
0.055443078
0.000000337
0.000000384
0.000000368
0.000000394
0.000000398
0.192912967
0.000000531
0.000000191
0.000000372
0.000000228
0.000000487
0.000000176
0.000000329
0.000000031
0.038101003
0.000000484
0.000000364
0.000000650
0.000000599
0.000000562
0.000000355
0.000000399
0.019123531
0.057535397
0.000000642
0.000000173
0.000000502